lambda = [300:10:1000]*1e-9;